
Time     Hb       HbO2        CtOx         HbT       HbDiff    Pathlength840   Pathlength740     Absolute Hb    
(min) (uMolar)  (uMolar)    (uMolar)    (uMolar)     (uMolar)        (cm)          (cm)           (uMolar)     


 1     0.0000     0.0000     0.0000      0.0000       0.0000       22.1352       -16.7620          9.1132
 2    -0.6027     0.7690     0.0460      0.1663       1.3717       21.7386       -16.1242          9.0086
 3    -1.6182     2.1704     0.0786      0.5521       3.7886       21.5460       -15.4658          7.8387
 4    -2.1674     2.8375     0.2854      0.6702       5.0049       21.5612       -14.7791          8.8204
 5    -1.5777     2.4129     0.2993      0.8351       3.9906       21.8982       -14.0601          8.7699
 6    -0.9893     1.8778     0.2131      0.8886       2.8671       21.8564       -13.3076          9.0697
 7    -1.0390     1.9012     0.3224      0.8622       2.9402       21.9076       -12.3302          8.8627
 8    -2.3929     3.2284     0.6184      0.8354       5.6213       22.2456       -11.6839          8.9008
 9    -3.3591     5.2170     0.6016      1.8579       8.5761       22.6580       -11.5972          8.4070
10    -2.9311     5.3354     0.6315      2.4044       8.2665       22.2408       -12.6447          8.3789
11    -2.0067     4.8157     0.6267      2.8089       6.8224       21.2256       -14.9112          9.3858
12     5.9934    -3.4873     0.5543      2.5061      -9.4807       20.4148       -18.5635         10.3877
13    21.5354   -19.8109    -0.9239      1.7246     -41.3463       20.5110       -23.4192         13.4884
14    24.3774   -24.7197    -1.9526     -0.3423     -49.0971       21.1070       -28.6238         13.4678
15    23.3974   -25.5213    -2.1638     -2.1240     -48.9187       21.5326       -31.5497         14.4907
16    23.0781   -26.1777    -2.4043     -3.0997     -49.2558       21.5069       -33.6417         14.2363
17    22.9791   -27.2263    -2.7952     -4.2472     -50.2054       21.3277       -34.9274         14.4422
18    22.4738   -28.3540    -3.0547     -5.8803     -50.8278       20.7862       -35.4841         14.3856
19    21.9957   -29.6828    -3.2540     -7.6871     -51.6785       20.1152       -35.8757         13.4278
20    20.8628   -29.8062    -3.3479     -8.9434     -50.6690       20.0959       -36.0913         15.3445
21    19.2451   -28.5759    -3.4110     -9.3308     -47.8210       21.0123       -35.9724         14.0719
22    17.7557   -27.1262    -3.3650     -9.3705     -44.8819       22.0811       -35.4618         13.8215
23    17.3742   -26.5922    -3.3353     -9.2180     -43.9665       22.3480       -34.7644         13.6014
24    17.2726   -25.7673    -3.4505     -8.4947     -43.0400       22.3082       -33.8777         13.1205
25    16.3876   -24.3206    -3.4019     -7.9330     -40.7082       22.3384       -33.3733         13.2376
26    16.0302   -23.2481    -3.3291     -7.2179     -39.2784       22.8887       -33.1699         13.1488
27    16.0222   -22.5400    -3.3231     -6.5177     -38.5622       23.2655       -32.4951         12.5507
28    16.0812   -22.4684    -3.3575     -6.3872     -38.5495       23.0289       -31.3160         12.2981
29    15.7565   -22.1650    -3.3375     -6.4085     -37.9215       23.0680       -30.2764         12.7392
30    15.4472   -21.8855    -3.3001     -6.4383     -37.3327       23.3120       -29.6769         12.3963
31    15.0273   -21.4429    -3.3729     -6.4156     -36.4703       23.4312       -28.9995         12.0111
32    14.2319   -20.5230    -3.3182     -6.2911     -34.7549       23.3537       -28.2311         12.0386
33    14.2593   -20.0556    -3.4476     -5.7964     -34.3149       23.2464       -27.8568         11.6933
34    13.8796   -19.7271    -3.4350     -5.8475     -33.6067       23.4814       -27.7655         12.3991
35    13.4757   -19.3549    -3.4290     -5.8792     -32.8305       23.7794       -27.3265         11.3743
36    12.1395   -18.0651    -3.3341     -5.9256     -30.2047       23.8698       -26.0537         11.0596
37     8.3023   -13.3550    -2.9352     -5.0527     -21.6573       23.5209       -24.2800         10.6733
38     5.8128   -10.2317    -2.7426     -4.4189     -16.0445       23.4135       -22.5710          9.9497
39     4.4510    -8.6511    -2.6743     -4.2000     -13.1021       23.5624       -21.3471         10.4425
40     3.4001    -7.7755    -2.5416     -4.3754     -11.1756       23.9166       -20.5750          9.4917
41     2.1640    -6.5245    -2.4336     -4.3605      -8.6885       24.5219       -19.9889         10.3958
42     2.0333    -6.0471    -2.4691     -4.0138      -8.0803       24.5596       -19.5183          9.1922
43     1.7819    -5.8846    -2.3960     -4.1027      -7.6665       24.1840       -18.9669          9.0990
44     1.5094    -5.3686    -2.4065     -3.8592      -6.8780       23.5770       -18.1156          8.9551
45     0.7995    -4.3946    -2.3715     -3.5952      -5.1941       23.1010       -17.0054          8.9385
46     0.0088    -3.4528    -2.2417     -3.4440      -3.4616       22.7886       -15.2780          8.6333
47    -0.7066    -2.7385    -2.1202     -3.4451      -2.0320       22.6671       -13.6992          8.5139
48    -0.8278    -2.5942    -1.9991     -3.4220      -1.7664       22.8358       -13.2193          8.4554
49    -0.6766    -2.3646    -2.0608     -3.0412      -1.6880       23.1013       -13.7718          8.4672
50    -0.6948    -2.2303    -1.9652     -2.9251      -1.5355       23.6154       -14.8981          8.8343
51    -0.9196    -2.4124    -1.7811     -3.3320      -1.4928       23.6291       -15.3811          8.6069
52    -0.5299    -2.4630    -1.9144     -2.9929      -1.9330       23.4013       -15.4960          8.6213
53    -0.5207    -2.5463    -1.7673     -3.0670      -2.0255       23.7578       -15.5922          8.5078
54    -0.7306    -2.2451    -1.6687     -2.9757      -1.5145       24.0013       -15.5737          8.3754
55    -0.7048    -2.0565    -1.6367     -2.7613      -1.3517       24.3794       -15.0189          8.4409
56    -0.5106    -2.0422    -1.6360     -2.5529      -1.5316       24.5852       -14.3016          8.2798
57    -0.3807    -2.2441    -1.5398     -2.6248      -1.8635       24.5952       -13.9384          8.5429
58    -0.1966    -2.0435    -1.6521     -2.2401      -1.8469       24.4310       -14.0006          8.2817
59    -0.1986    -1.9696    -1.5804     -2.1682      -1.7710       24.0633       -14.1345          8.4863
60    -0.0054    -1.9266    -1.6450     -1.9319      -1.9212       24.0039       -14.1329          8.5521
61     0.0008    -1.6322    -1.6205     -1.6314      -1.6330       24.2206       -14.0487          8.2463
62    -0.3749    -1.3263    -1.3745     -1.7012      -0.9514       24.4855       -13.9641          8.3702
63    -2.4265     1.5258    -1.1736     -0.9006       3.9523       24.8167       -13.6411          7.7079
64    -2.0124     1.2239    -1.1600     -0.7885       3.2362       25.2542       -13.3811          7.7133
65    -1.1310     0.2310    -1.2144     -0.9000       1.3620       25.4113       -13.5250          8.9498
66    -0.3167    -0.7695    -1.2418     -1.0862      -0.4527       25.4422       -13.8761          8.8538
67    -0.2516    -1.1184    -1.1759     -1.3700      -0.8668       25.2091       -14.5149          8.4203
68     0.3746    -1.4199    -1.3096     -1.0453      -1.7945       24.8546       -15.5225          8.6354
69     1.3919    -2.1262    -1.4454     -0.7343      -3.5181       24.6697       -16.2974          8.8535
70     1.3384    -2.4042    -1.3040     -1.0658      -3.7426       24.7031       -16.5561          8.3635
71     1.6386    -2.4007    -1.3663     -0.7621      -4.0393       24.7098       -16.4324          8.5631
72     1.8353    -2.5614    -1.4392     -0.7261      -4.3968       24.8448       -16.4713          8.7368
73     2.1256    -2.8845    -1.4439     -0.7589      -5.0101       25.2122       -17.0300          8.9348
74     2.4287    -3.2216    -1.4309     -0.7928      -5.6503       25.3372       -17.8028          8.9516
75     2.7239    -3.3409    -1.4894     -0.6171      -6.0648       25.1436       -18.7072          9.0291
76     2.8507    -3.6609    -1.4593     -0.8102      -6.5116       24.5855       -19.2061          8.9779
77     2.9626    -4.0059    -1.4178     -1.0433      -6.9686       23.9429       -19.1578          8.9944
78     3.3543    -4.1000    -1.6355     -0.7457      -7.4543       23.6599       -18.6856          8.9963
79     3.3731    -4.2425    -1.5287     -0.8694      -7.6156       24.0621       -17.9075          8.9983
80     3.4307    -4.2812    -1.5533     -0.8505      -7.7119       24.4725       -16.6703          9.1407
81     3.2598    -4.5033    -1.4211     -1.2435      -7.7630       24.5353       -15.7903          8.7850
82     3.4746    -4.4619    -1.5566     -0.9873      -7.9365       24.3478       -15.4176          8.9065
83     3.4778    -4.6869    -1.5334     -1.2091      -8.1647       23.7586       -15.1683          9.1843
84     3.4575    -4.2502    -1.6429     -0.7928      -7.7077       23.4020       -15.0070          9.2126
85     2.9716    -3.6828    -1.5117     -0.7111      -6.6544       23.5756       -14.9744          9.1142
86     2.4874    -3.1021    -1.4111     -0.6148      -5.5895       24.1378       -15.2119          8.4357
87     2.2340    -2.8558    -1.3295     -0.6219      -5.0898       25.0351       -15.6451          8.9155
88     2.2988    -3.1174    -1.2829     -0.8186      -5.4161       25.4064       -16.1132          8.4347
89     2.5100    -2.9004    -1.4549     -0.3904      -5.4105       25.2502       -16.4179          8.7050
90     2.5991    -2.8876    -1.5209     -0.2885      -5.4868       24.8163       -16.3192          8.5970
91     2.6213    -2.8580    -1.5596     -0.2368      -5.4793       24.2127       -16.1813          8.9029
92     2.5044    -3.1377    -1.4572     -0.6333      -5.6421       23.8215       -16.0130          8.7812
93     2.8648    -3.2741    -1.6561     -0.4093      -6.1389       23.6796       -15.6901          8.7621
94     2.7660    -3.5959    -1.4973     -0.8298      -6.3619       23.9791       -15.5753          8.7276
95     3.0229    -3.8601    -1.5569     -0.8372      -6.8830       24.3540       -15.8579          8.7946
96     3.1173    -4.3998    -1.5371     -1.2825      -7.5171       24.8121       -16.2608          8.6581
97     2.8457    -3.9723    -1.5876     -1.1266      -6.8179       25.1545       -16.8069          9.0175
98     3.0051    -3.8784    -1.6582     -0.8733      -6.8835       25.1673       -16.8660          8.7914
99     2.9820    -4.0932    -1.6081     -1.1112      -7.0752       25.0134       -16.4957          8.6691
100     2.9257    -4.2000    -1.5167     -1.2743      -7.1257       25.0439       -16.1508          9.1880
101     2.8524    -3.9790    -1.5190     -1.1266      -6.8314       25.1192       -16.1058          8.5271
102     3.0677    -3.7338    -1.6500     -0.6660      -6.8015       25.0269       -16.4973          8.7140
103     3.1015    -3.8166    -1.6538     -0.7150      -6.9181       24.9332       -16.8158          8.8992
104     3.3889    -4.1030    -1.7357     -0.7141      -7.4919       24.1098       -16.4232          8.5036
105     3.4396    -4.2646    -1.7390     -0.8250      -7.7041       23.7944       -15.9121          8.7458
106     3.3939    -4.1459    -1.6917     -0.7520      -7.5399       24.5861       -15.8007          8.5251
107     3.0344    -4.0092    -1.5368     -0.9748      -7.0436       25.6234       -15.9931          8.7537
108     3.1196    -3.9682    -1.5793     -0.8487      -7.0878       26.0287       -15.9542          9.8450
109     3.0479    -3.8346    -1.6365     -0.7867      -6.8825       25.5872       -15.6549          8.6633
110     2.8391    -3.9521    -1.5410     -1.1130      -6.7912       24.9154       -15.7986          8.5497
111     3.0637    -3.9615    -1.6357     -0.8978      -7.0252       24.9578       -16.4480          8.8337
112     3.1087    -4.0331    -1.6042     -0.9244      -7.1418       24.9039       -16.7768          8.6647
113     3.5628    -4.3344    -1.7310     -0.7715      -7.8972       24.2609       -16.5485          8.6178
114     3.8163    -4.6634    -1.8030     -0.8471      -8.4796       23.5051       -15.8327          8.8547
115     3.5316    -4.8530    -1.6738     -1.3214      -8.3845       23.1891       -15.5337          8.5652
116     3.7613    -4.8336    -1.7540     -1.0723      -8.5948       23.5818       -15.7997          8.7881
117     4.0543    -4.8198    -1.8754     -0.7655      -8.8741       24.2702       -16.2729          8.9709
118     4.2389    -5.2520    -1.7761     -1.0131      -9.4909       24.6589       -16.6031          8.7954
119     4.3779    -5.2765    -1.8412     -0.8986      -9.6544       24.9480       -16.6621          8.7069
120     4.3784    -5.2914    -1.8830     -0.9130      -9.6698       25.2440       -16.5651          8.8860
121     4.5118    -5.2105    -1.9029     -0.6987      -9.7223       25.1930       -16.7280          8.7504
122     4.3781    -5.1340    -1.8746     -0.7559      -9.5120       25.1942       -17.1707          9.1487
123     4.6424    -4.9419    -2.0179     -0.2995      -9.5843       25.3561       -17.5744          8.8939
124     4.1725    -5.1010    -1.7639     -0.9286      -9.2735       25.4708       -17.6048          8.8797
125     4.3401    -5.0852    -1.7926     -0.7451      -9.4253       25.7078       -17.2804          8.8344
126     4.6624    -5.7227    -1.8417     -1.0602     -10.3851       25.7063       -17.2333          8.5318
127     4.8601    -5.9411    -1.9783     -1.0811     -10.8012       25.2637       -17.2735          8.9882
128     4.7082    -5.8220    -2.0179     -1.1137     -10.5302       24.6375       -17.4142          8.8828
129     4.8641    -5.6971    -2.0173     -0.8330     -10.5612       24.3519       -17.7122          9.0037
130     4.6584    -5.5678    -1.9598     -0.9094     -10.2262       24.5949       -17.9125          8.8369
131     4.6256    -5.4074    -1.9188     -0.7818     -10.0330       24.9262       -18.2242          8.6889
132     4.4554    -5.2971    -1.8824     -0.8418      -9.7525       25.3818       -18.3914          8.6533
133     4.5184    -5.1373    -2.0000     -0.6189      -9.6557       25.4866       -17.8929          9.0870
134     4.3796    -5.2288    -1.8796     -0.8492      -9.6084       25.3695       -17.3865          8.7903
135     4.2924    -5.1341    -1.8926     -0.8417      -9.4265       25.3059       -16.8376          8.8310
136     4.4789    -5.1659    -1.9386     -0.6870      -9.6448       25.3933       -16.5614          8.2258
137     4.5663    -5.2389    -1.9802     -0.6726      -9.8052       25.4314       -16.5154          8.7863
138     4.3803    -5.2615    -1.9035     -0.8811      -9.6418       25.4474       -16.3398          8.9305
139     4.3787    -5.1928    -1.9317     -0.8140      -9.5715       25.3330       -16.5601          8.8294
140     4.5076    -5.3548    -1.9449     -0.8472      -9.8624       25.1603       -17.0141          8.9463
141     4.7290    -5.5311    -1.9917     -0.8021     -10.2601       25.2254       -17.0364          9.2635
142     4.8341    -5.5469    -2.0376     -0.7127     -10.3810       25.3388       -16.9060          8.8092
143     4.7836    -5.7877    -1.9340     -1.0041     -10.5713       25.2751       -16.3928          8.8674
144     4.8849    -5.8150    -1.9740     -0.9301     -10.7000       25.2253       -15.9118          8.5078
145     4.9689    -5.8382    -2.0351     -0.8694     -10.8071       25.3906       -16.0455          8.9290
146     4.6183    -5.7978    -1.9072     -1.1795     -10.4162       25.6390       -16.4859          9.0576
147     4.5517    -5.5438    -1.9711     -0.9922     -10.0955       25.7606       -17.0126          9.0252
148     4.8852    -5.5399    -2.1136     -0.6547     -10.4250       25.7472       -17.4668          8.0653
149     4.6561    -5.6118    -1.9964     -0.9557     -10.2680       25.7130       -17.7182          8.7616
150     4.7932    -5.4316    -2.0641     -0.6384     -10.2248       26.0357       -17.7133          8.7034
151     4.3336    -5.2768    -1.8530     -0.9432      -9.6105       26.5459       -17.4679          8.6414
152     4.4357    -5.1951    -1.9579     -0.7594      -9.6308       26.5921       -17.2752          8.8533
153     4.3151    -5.1957    -1.9052     -0.8806      -9.5109       26.6057       -17.2197          8.7687
154     4.4208    -5.3349    -1.9476     -0.9141      -9.7557       26.4938       -17.2863          8.7605
155     4.9833    -5.9220    -2.1625     -0.9387     -10.9053       26.3015       -17.4773          8.8946

